100
50 50 0
50.35424184512013 49.98113668106135 6.229985719922443
51.86099509062649 50.46757251169191 0.3122743773866734
53.222309452947776 50.72441096968103 0.18647746151414157
54.12346339540466 50.27847020858594 5.8236619607286055
54.84142927892122 48.651187653312554 5.1279053090162705
55.3269774904211 47.97277046595579 5.333579229958886
55.32922858357816 47.95374274569955 4.830147604202722
54.629949914575235 47.19520842973051 3.9676154007549216
54.39982634983753 46.56766918856692 4.360907885877421
54.70695038293528 45.13871713305309 4.924097809345466
54.70716627876202 45.016535106377646 4.714155980064724
54.80325096807632 44.722653471107236 5.028383848125006
55.09041469272289 44.33099131599619 5.345046177025037
56.927201649030266 44.09535336773944 6.155594098569826
58.203165871569105 43.89449234285823 6.127047619158807
59.98821578624971 43.002426141734794 5.819743318591498
61.62138818309419 42.62580898279518 6.056542718229267
62.100998671018466 42.347421087745936 5.757267992761527
62.78038211431539 42.60020280733012 0.3562039854610948
62.915407786067085 42.84389637848804 1.0648262709943088
62.91498001254245 42.97450490911638 1.5740715492707045
62.60528095844753 43.30701180985561 2.3206945629328137
62.51456790977434 43.392048535035315 2.3884810238275156
61.71217001813077 44.4908591961335 2.201532053368263
61.28928285675131 44.61079025271129 2.865248237549917
60.38708541308113 44.47857281653081 3.2871072572825017
58.88297052744239 44.81744312855367 2.919996969914764
58.60223209096185 45.16498941551328 2.2502588421168146
57.65554195270531 46.316540555428986 2.2588683368498432
57.68389283672718 46.463931356807784 1.3807655171655568
57.6803136777789 46.57344740822771 1.603466291006911
56.69456092389397 47.720230704393025 2.2808262345499624
56.53791785509999 48.42753103323006 1.7887446489898369
57.513729897611256 50.1650629595464 1.0590846341742912
58.434505987155546 50.54289762800143 0.38939143499119555
59.136532327157674 51.05733792669762 0.6323976597824897
60.473042374346115 50.97539079786794 6.221947706849489
62.0810312370136 50.13352554569675 5.800874371927041
62.233852436630755 50.01965499607154 5.64281296503293
62.508303464954516 48.66039205392689 4.911621991131985
62.7157407003024 48.21880225088125 5.1515458701176975
63.203976481895666 48.04406408834022 5.939492619534433
64.7022244598849 48.01044456133601 6.260749844884435
65.8526849312902 49.194103638438555 0.7996203857809672
66.00156265688213 49.25549936031754 0.39114178117643933
66.47129683058111 50.52522538228926 1.216461058308929
66.48989977147185 50.55639606248325 1.0327264910248692
67.04382420539174 51.3084306405489 0.935947413927548
67.7807557569003 51.391698845755506 0.11251590602875916
68.48535559074722 52.46829067922235 0.9912833611027885
68.46152513090038 53.535769363397534 1.5931166809507151
68.26672261097367 53.969202960708614 1.9931846967992013
67.80509142783895 54.63844078718412 2.1746346174226496
66.66620929088701 55.576426504364946 2.4526249550137647
66.59148394798085 56.303410608857554 1.6732247437213714
65.87109180813839 57.833150257391274 2.010914312310834
65.39667206754392 59.222024938101505 1.8999555404454456
65.3231172539854 60.8044838225577 1.6172442381719885
65.32083863363306 60.82837075184977 1.6659004856139563
65.54643284811313 61.628635835847334 1.2960272183328072
66.77940073014723 63.13310144368524 0.8842545333576364
66.80914749154833 63.135491766876015 0.08018345898187851
68.10282431606214 63.86228699980519 0.511862011718331
68.39225929447606 63.786237982619966 6.026243182777295
69.2885988610914 63.9456695519118 0.17602864299507992
70.05317347877391 65.295897887821 1.0555583799487476
70.62648484189275 66.46811232594017 1.1159195656218563
70.6539627789495 66.49333831729403 0.7426959055285207
71.54841872735281 66.42858381806653 6.210915984562696
73.08957476951602 65.4490920117932 5.71703076029303
73.46862732631533 65.08123812326012 5.512779421982481
73.9800255301405 64.79344382684968 5.770598594217924
75.4457011664519 64.8049502583351 0.007850437587508807
75.80977255770738 65.26310317872421 0.8993258722991299
77.16135382381867 65.43197433026252 0.12429925966372601
78.00950891640107 64.93493590026313 5.753106376478479
78.93275287216696 64.94447766639499 0.010334675212812172
79.0341982394322 64.8287133298434 5.431960061860078
79.39766792103998 64.5067492933104 5.558267135903424
79.41745126407285 62.89851856973832 4.724689668928415
78.93524281082563 62.03279900453604 4.204185038273026
78.96704613182949 61.90442732183174 4.955243275127503
78.30562331086986 60.338282345743075 4.312785913096102
77.98409669545478 58.39777054119768 4.548189111210604
78.84343461092776 56.81889414146325 5.2108237137239595
80.06601285898167 55.80062045446269 5.588708490753437
80.46502432897304 55.56409408556247 5.748090895721415
81.14780445192574 54.67582796914444 5.367729805373997
81.63769461414506 52.89936586591573 4.9814684062921915
81.54104279406246 51.929514204456 4.613060644706593
81.43888154326882 51.41056392839825 4.518013168835456
80.35928132940175 50.05058247648872 4.041418804285273
80.62588890319586 48.85861989354408 4.932438190554478
81.50835207462772 48.39964471322568 5.803581875835364
82.97283247047922 47.1589395088259 5.580320063276233
83.33371568916611 45.242629783981485 4.898530864117918
84.19485531271893 44.40682498168795 5.512715705253921
84.1428302583753 43.50813925705282 4.654563365897255
83.99812364752329 42.1714934152828 4.604547989809504
84.20645133097369 41.8268994461155 5.256154578629124
