100
50 50 0
50.28146311952254 49.89341963677278 5.921204956923461
50.96503282192201 49.298505328581236 5.567020469294632
50.968093604434024 49.26905934478679 4.81596269134898
50.70660431799241 48.90151692491291 4.094017491479333
50.62678633265014 48.728161517666464 4.280895608305803
50.71470652064579 48.18948360311576 4.874177180089532
50.71315594500667 47.63828997340266 4.709575864511596
50.66844368665299 47.519957971029356 4.351118243408618
50.67669108063219 47.49861910853366 5.081200415291271
50.5139712164742 47.06089267851342 4.356480572901495
50.12176824193015 46.65110000950965 3.9489197077761635
49.438458564191684 45.54930496229707 4.157264275468083
48.51618693247723 44.70099235969033 3.885244111167585
46.923465636234305 43.76743454346855 3.6717587100354168
45.38335352891413 43.83225559469147 3.0995289519144293
44.76829090108356 44.27297648404659 2.5198478511195037
44.514255941093275 45.12709757475018 1.8598869078035807
44.55937613705214 45.248684929923606 1.2154555113191474
44.64026639295268 46.43728932180792 1.5028462818639974
44.90791526143898 48.0492429272016 1.4062573855526281
46.342001912318544 49.103505235985665 0.6339262312830343
46.431486435446004 49.27384851873819 1.0870994677949501
47.37148967158454 49.72039764722912 0.4434896442435434
49.025966524879266 50.62082786456582 0.4984091365147575
50.77589336637979 50.65015740130063 0.01675886680541072
51.61145541201934 50.72302773140172 0.08699105427796405
52.715352167873064 49.90431804077538 5.645046927473908
54.20391431754596 49.602494433418286 6.083135543412812
55.18825098763666 49.36713222429333 6.048484457479471
56.985700697712645 49.204061639332174 6.19270968244467
57.40093210403803 48.933601927083686 5.705863776312235
58.13893529127509 48.962242883648436 0.0387892507340295
59.996508840638086 48.37775908248434 5.978343761277545
60.510187023810765 48.019951861827714 5.674772396580579
61.869440292115 48.37587892127144 0.25610467312985374
62.53178777797828 47.99332023324927 5.759414219890711
62.68432645354449 48.04231795339493 0.31080475260671214
64.04934131388782 47.88524022221206 6.1686152388448425
65.56260210571217 47.5929092223753 6.092356415859432
67.09457057749596 46.94834788548748 5.8849279327805935
67.64181661860411 45.72350898248836 5.132570445846427
67.46733150398344 44.89237633561709 4.505457563729732
68.0700167455966 44.16654380087426 5.405356020973521
69.5899156661918 43.26335878450182 5.747011728537458
70.26444540311392 42.02823615774317 5.212251273602103
70.35419033492818 41.68023813218986 4.9647788780214634
70.50364363625786 41.43026762914924 5.251250960344668
69.88524919037602 39.62344991100761 4.382629516242155
69.92167317033804 39.38568060044222 4.864397670952749
70.19123872193917 38.95675261605092 5.273474975080712
71.07805776291376 37.40810286243226 5.232447968481911
71.37197814519217 35.522782648922494 4.867043507331669
71.78217084290621 34.44974854840894 5.077521279426847
71.84583689320937 32.510648694548436 4.745209976065357
72.29320161761396 31.53520352157641 5.142393266979096
72.3844964176419 30.815063359475896 4.838489959422409
71.85487877016647 29.415899478672934 4.350532024241509
71.47232223546862 29.234374563300335 3.5846368809451787
71.38686455619293 29.073942455485952 4.222946734893385
71.41020228517684 28.406371878657545 4.747333942602333
71.78668826530946 26.887665566831203 4.955389382938273
72.51520217453327 25.11498685052154 5.102314472748027
73.36788546164748 24.76457696550044 5.8932753737235375
73.48846378511064 24.442718367470817 5.070836417958658
73.45354822711332 24.383218567480824 4.181718461884513
72.65769293229485 23.971527321009788 3.618979626058099
71.1417540747159 23.27989932868471 3.5696214755916076
69.85207577517286 23.680765248528 2.840233315281804
69.41071245411236 24.790325017602473 1.9493894982354583
69.32930700608657 24.89839209133621 2.216397363261245
68.48748410194447 25.56487893446938 2.471921789681952
68.01885566030298 26.438732523060416 2.063043398233223
66.6393371726129 27.005031442203283 2.7520633702324044
65.61027561771189 26.678941099983486 3.4484640142781213
65.41341719753812 26.506944374371344 3.8596902854957023
64.06207260877515 26.027962145113015 3.4822251015717094
62.98539565712078 24.77130405494144 4.0039731001545
62.9654250324917 24.735347683697892 4.205399658689961
62.90909257095947 23.83213753222218 4.650100498946394
63.05019579690476 22.999809509078627 4.880320734141392
62.91967576156961 22.469169533974316 4.471209469007786
62.83629285959427 22.039622737003743 4.520655227044256
64.07047835154619 20.46988381171056 5.3786808039583995
64.3391355993252 20.19983438738431 5.4952028552999534
65.63796284157807 19.618921059710072 5.862612394981937
66.79529065706025 19.642019056086216 0.019955392046814957
67.30113538464262 20.1812559813273 0.817339056238748
69.12126765333579 20.74860020482491 0.3021603813371184
70.19714889098707 21.618069961799446 0.6796886745810671
70.3844279907933 21.971011812564996 1.0829514160353373
70.03208869347763 23.356885357830873 1.819758060321322
69.49523143300883 23.999250970758116 2.266959321259814
68.93773502008949 25.273868550216253 1.9831087928162718
69.65442476787844 27.100977374690032 1.1969857926020868
70.12193251885542 28.995347104717712 1.3288429827718349
69.83922889788757 29.671570973152605 1.966775928970768
69.78030987961031 31.5330524324882 1.602437444791407
70.04159154409274 32.14940758261502 1.169845770451067
70.81734439365475 33.03671818113374 0.8523774927642404
70.99371685421778 33.37899567569955 1.0949910024968912
