100
50 50 0
50.95142840535738 49.0847676800788 5.517175535762183
51.79324915763516 48.634805497563654 5.792311809893992
51.83175812984738 48.55612797963517 5.167563701453127
52.05253764447813 46.628062117449836 4.826400682841943
51.89947208232319 46.117316884122744 4.421216033223921
51.19920117007507 45.018775764332695 4.144883104963377
51.12204953619932 44.739493585249576 4.4428612527610145
51.66393140881922 43.451637631338045 5.11066521118343
52.1505053896933 43.30323538872074 5.9871529979976055
52.1987446799091 43.257344792054994 5.522733591616282
52.333088803635036 42.67753758036393 4.940075927211962
52.171605637022914 41.50276559835161 4.575785903006299
52.176480668230596 41.414695025349566 4.767686239083756
52.38224222900825 39.52776447919512 4.8210054654665155
52.47237985467885 39.39682016141332 5.315264190648281
53.504600777831094 39.23011406702199 6.1230655492765855
53.62599768621461 39.106140409416476 5.48728606963741
54.19471356577242 38.1777494302672 5.262008838092203
54.39400055663371 36.19255010859537 4.812440181345951
54.36309222877509 35.31282720546014 4.677269263350988
54.700366589300145 33.71642303541417 4.920598452148244
54.35282739906087 32.58666802479774 4.413952906988483
54.140635611151176 31.712437913165395 4.474275183670717
53.860515528199485 30.47305152267961 4.490108527788394
53.13102372275361 28.643194562218596 4.333037823687553
53.004841291243324 28.41477724474623 4.207689243302869
51.73148470090352 27.485621072273542 3.7719684584212985
51.68503287293973 27.016515914537454 4.613688533353761
51.14908455580394 25.224555813999572 4.421771882323764
50.332203968608994 23.428229666457913 4.2855913931879055
50.181772192790426 22.845578501303923 4.459721771472952
49.34354230419134 21.87507959992226 3.999989039602546
47.40567260573502 21.597715697120908 3.2837553851940933
46.80842979210028 21.938844588423667 2.6226393209317527
45.02488871615523 22.046633877041256 3.081230520618155
44.28117783286219 22.876104600007782 2.3017347643592636
43.81252012463675 24.037534363971094 1.9543316992443933
43.42456400855189 25.40439242861002 1.8473535805284773
43.96790305336416 26.879801754098715 1.2179448824925645
43.99795449416851 27.62304732627115 1.5303856174788155
44.29535397248563 27.981590394790977 0.8783444368921728
44.19912004059993 29.36954524467522 1.6400205995429786
43.889740362851725 30.717924596938666 1.796338082955458
43.507258651712725 31.433607068483852 2.061606557322563
44.17732472132099 33.0712538639981 1.1824150207635276
44.24424539815059 33.420991806002704 1.3817363699117782
43.573619839334484 35.14815643925364 1.9411596500489625
43.3375123449806 35.8670300570894 1.8881372429662684
43.20264678575828 35.954859750497086 2.564347020699392
41.758538425150945 36.01381395652668 3.1007913609563293
40.33499824986178 35.266768455787975 3.624867223285393
40.276555825160024 35.22030924263041 3.8132510071559524
38.989279106835454 33.70800091116459 4.007198717876038
38.875800544475915 33.638047134117336 3.6940194872363223
37.795196496979216 33.81521871723746 2.9790824758891885
36.69664762241604 35.10256716447118 2.27722756630743
36.699542991898056 36.01699862848431 1.5676300317578273
36.84693657961632 36.34026717653132 1.143007218697822
36.98973304757111 36.64287036404742 1.1298856905236718
37.090473478809436 37.087131207649605 1.3478076613678835
37.184204979474295 38.095711184119594 1.4781283704786183
37.23857346135341 38.24025155033668 1.2110201029382148
38.59024424946478 39.4143317839704 0.7152017101016371
38.90603981989712 39.537330845203726 0.3714129000023435
39.62348420065595 39.46271709147274 6.179558484062542
40.8108561422069 40.448444205226245 0.6928717494441283
41.004153268265085 40.486428947787246 0.19403717252287317
42.02468013687978 41.53500314744531 0.7989526551495041
42.104965330016604 43.43892279147721 1.5286529216659055
43.445879358117324 44.794005642036296 0.7906536190411576
43.28583339956941 46.68318872216693 1.6553115433060412
43.079800248425 47.37048042143162 1.8620470629441952
43.59539167682322 49.098819347094576 1.2808850563253706
43.878388565934195 49.96597087959601 1.2553418135297365
43.94544957044393 50.07105896730098 1.0028031498529664
44.28314241338611 50.24229708736119 0.46929751660660624
45.01917821084166 50.72747369504031 0.5827983161353517
45.20692345836279 51.18408744103715 1.180699054158839
45.742330371991926 53.09198531552055 1.2972066625953675
45.83265047066372 54.460346343127554 1.5048858909748049
45.85239835431245 54.476302672088174 0.6796011844604907
46.55822603913854 54.621215250098636 0.20249484748257418
47.87692420784005 55.58897686376668 0.6331019672485554
47.94061928830076 55.6394690959944 0.6702848549634559
48.15093672398139 57.30534543553675 1.4452104292737822
47.80170028457631 58.400041656026666 1.879615397814744
47.27062109014749 59.57531256829671 1.995210989638183
47.819860126086866 61.17018772016675 1.2391392163943333
47.807630031431565 61.3480883791849 1.6394350952993175
47.76828368066917 61.51269074700943 1.8054322493719184
48.56533391829578 63.25811615205515 1.1424252206152858
48.57723061917575 63.306275153031955 1.328615240538372
47.61757394063843 64.92710199827444 2.105370811810469
46.2477491308406 65.81618675797417 2.5658855782444143
45.855546320530784 65.84225598435955 3.0752215438951906
44.555766077684034 66.70996251839235 2.552958413583915
42.669358501413555 66.72848181280628 3.131775740357161
41.230505112680994 67.64661475446235 2.573628232036567
40.880811548942084 68.25322660837625 2.0937346838857636
39.772002146337016 68.62159507023709 2.820844594354013
