50.0 50.0 0.0
100
5.904442355004871 0.33116733280042016 5.947876497060666
3.3507434798210185 2.882317645089091 4.2023688292671935
5.922305247615318 0.9556405205630308 6.024569168487637
3.6906823503203547 3.049758201128251 4.557624645222758
5.478262829813599 -0.02812315548802094 5.615089197728592
4.038142692583898 3.486722930847139 4.853817821220225
5.669826960692055 0.6310557248470734 5.77781534101096
4.856940618366197 4.322953726997238 5.598826941823664
0.28962734666702294 0.24349622578647512 0.09824509716446193
5.4162206338729435 5.039458524294499 6.222151253251274
0.7351741306189123 0.5464403115118373 0.6396678961963453
5.2925473233206235 4.776050427844875 6.122155063612815
6.093964883247278 0.620653875398347 6.014734534641545
4.734268071991414 4.16321402248877 5.540990561343252
5.884490862133001 0.11701024036379899 5.95991736941527
4.875381576763413 4.246954426092743 5.690156372638059
0.904386386642382 -0.19125151259991094 0.6594589751050426
5.222420852973673 4.730037799616584 6.058600777527554
5.466125208773737 0.4419630403042046 5.490443632674658
4.464510941471255 3.874948394964101 5.3212620848065475
5.629581554390955 0.47920810158179517 5.973450669235834
5.285547096895967 4.592145559017729 6.1324542314408745
0.3366540863778158 1.2208426345008194 0.17361723525983097
5.638262540089484 5.045387864109713 0.16988332615214574
6.194254890085428 1.3595775096727332 6.094749600941563
5.3782790802465685 4.907313527216934 0.005145922752413767
5.962077342622303 1.7014596126974024 6.074739716857588
5.569076907156159 4.982725408017588 0.2050237208608623
5.7881359088503554 1.505506426012686 5.673734259153843
5.76634654342464 5.174748129097144 0.42945634417498546
5.615728085257492 0.7710394920261304 5.923064088167423
0.2161967358757524 5.79971781543052 1.1156146788606947
5.59252663378472 0.9684423635894328 5.6104382369446375
0.7572828279530901 0.1192385869606049 1.754642693000977
5.521191123748354 0.31578757562433546 5.627368583460709
1.2849993427041433 0.7345192980212305 2.2753349345037455
0.18309205485751698 1.1841239384848983 0.31892438056503125
1.9430843886684368 1.3282624295705412 2.9855539699924942
6.0766774215570205 1.7484349483729886 6.135776682395568
1.6187861379224504 1.1980207413828343 2.7592995397568463
5.310492346253146 1.7729664985271527 5.466246120668504
1.8988785642487533 1.2690890082597108 2.8206085854297136
0.38503178762566104 0.2420931539936207 0.38516484452669875
2.745913083229696 2.1067629670666155 3.6319600752113614
5.588951440474894 1.2060356109825916 5.4971830272940245
2.2469173737035595 1.7610714369389453 3.11987290047871
6.253355768563016 1.7095694384100921 0.07092734538260057
2.8526775790443155 2.2755666905389305 3.7555914295119797
5.757939389174007 1.7976223461927832 5.9685368859064605
2.847440713377307 2.359775181570001 3.6371968306269142
0.012959956952611984 0.8382884464087648 0.06957159188803777
3.382511645744276 2.753119426727467 4.161617210780981
5.542542492767369 1.2720420729982937 5.626338904365223
3.2643663509618097 2.7815240587020944 4.064688486193866
0.3712049288889758 1.5434337488150216 0.5050489058290889
3.9772748911954654 3.4998802508386433 4.774881768040494
6.320916082251903 0.7916038023142778 6.257678395931187
3.5030992068168256 3.0729964511347974 4.245136997460307
6.260981720144902 1.7990981930805958 0.1526178194702846
3.447965258275838 3.1107865199276206 4.224129326202734
5.670384094448475 0.5593534664113242 5.881954360849416
3.3666976892141847 2.933410318783447 4.194919056927864
0.7844405390830895 0.766079591835316 0.6670011776385811
3.8662832950934476 3.507117884128314 4.668298869639315
5.979090378477001 1.9371170340345771 5.8839547680043
3.2685013591424705 2.8221755337911696 4.016250384305138
6.023293051032692 0.6569268554339901 5.848550786127143
3.6018070202073726 3.1756842820605824 4.248449792799246
0.9855072795317009 1.4238039002404448 0.9084060750512141
3.944048693723115 3.463441357138875 4.601076233029432
5.4278789647064505 0.7270665795431038 5.485666991518017
3.015299317631553 2.5179219247931766 3.6834442400629746
0.9452299873033401 0.14079823875290334 0.9015658318872527
3.804171829818385 3.433342329692659 4.578973875765279
5.697580378549074 1.4688586984013532 5.937790710844141
2.9762590227212145 2.5233136239996092 3.6124280773405677
6.234702804057225 1.5745546749803367 6.018842733532244
3.2879904485239937 3.071180475308161 4.054620317061483
6.066998758043505 1.752642475645444 5.941466363053911
3.402752283046768 3.05791101821409 4.174647059878737
5.3019886064966615 1.180019695358513 5.661124659663641
3.6965797221582353 3.310218236142172 4.2650268042174755
5.727703557529897 0.8282120222822624 5.641056168340917
4.389210347261892 3.981485038184075 5.081305959856396
1.1001201605357283 0.8848884019493253 0.9585651401000258
4.991498079608145 4.598027009858345 5.61579906491523
0.2177583961173692 1.865346149807532 0.40492112218960263
4.134820657385205 3.7069317350049107 4.774553559906807
5.655431021811519 1.350487404788077 5.763679323664955
3.6041356294518287 3.385076762292908 4.317134568676671
6.068265625237953 0.267955106359991 5.992686494084884
4.251404790238194 3.992231072644924 4.90454935086133
0.4687537989879016 0.4425987188666989 0.2507896389018169
4.502293378282538 4.122520431336632 5.129532926540888
5.351653884855851 1.8698183962027934 5.438555471294022
4.173532262218167 3.894424786895716 4.861509753348562
0.4625345172041594 0.3712042845046365 0.4628391098929706
5.034602631802848 4.673950131118011 5.721233234686237
0.2593908054352377 0.4625294602983625 0.1886705151904955
4.47124180616548 4.134039347346755 5.033222522095514
6.163168267313833 1.6840578988616617 6.378116136883902
4.046035599101856 3.725163155437275 4.762557687999673
5.926172620408227 1.8420708037234015 5.8632969330691385
4.165106704543175 3.7528977042748144 4.755046436859629
0.3364921771711624 1.1600169684540014 0.24025702699480606
4.42612377066817 4.092350127513621 5.145751255480619
5.980391427631628 1.9757633941060075 6.137939821300156
4.3236131132542885 3.9528595229597463 4.849245842232713
0.3182474674686572 1.0402851122956989 0.4957496512353816
4.548189423136192 4.207084441937922 5.242130900775693
6.009628555471249 0.7416509614485932 5.91492657862546
4.105207476666095 3.839223475216374 4.8279932624371
5.788343147362728 1.5858958966065733 5.946472751868569
4.407402310341894 4.065478183833846 4.976425088876123
5.623599791276201 0.36855533193153545 5.530995715593425
4.859090783278712 4.613294573111448 5.591234466706923
0.6468628257340421 -0.006334883911471828 0.563414988740833
5.561369047775315 5.327861817308118 6.276677768834642
0.5290704931467757 0.5814888866599343 0.5620085296188109
4.980055867371744 4.640413199421763 5.664802808619694
0.33880740170247703 1.4112866291428174 0.021636620889018493
4.498556940894677 4.2278948687170494 5.0815806926283855
0.26108508097535654 1.9313135561602994 0.18474805016717438
4.149693775655647 3.88693793245483 4.746495571349058
0.8673057268089751 0.8082504181854485 0.6736708675123022
3.997902681080463 3.72944938102486 4.722881352906256
5.391129306011033 0.1604507981032957 5.4244564667099855
3.2682305296345517 2.9036663896201524 3.8955527015212468
5.378227546185623 0.09483895174764137 5.370648874844506
3.9400482349349875 3.7802775362470236 4.733488492735892
5.647474225348055 1.0702464292941387 5.770840233007375
4.92252309994851 4.576681094901694 5.58101356694803
6.213006755476638 1.6213640682628006 6.173501354173128
5.497586193779678 5.284850012164548 6.138573810121403
5.62836644800731 1.1398149826456567 5.617513443267437
5.488384291638878 5.32567355559461 0.02126301231357175
5.45299693544023 1.3176909185771049 5.415311748914316
6.243387783075688 5.926213362712208 0.6828077133739159
0.3816270794093084 -0.029310650168440894 0.10222814266930269
0.8557255041352156 0.5145555155883859 1.5566866128188268
0.3887286913574962 1.0908614702393153 0.40991153050445767
0.7056228285919215 0.3428574258603518 1.3233979082945604
5.81807371061457 1.022038667373614 6.011774001035805
0.39292577866949085 0.161576747027722 1.1200475030618806
0.6862998844815719 1.5038568442113374 0.64263395728259
0.7659228795366662 0.5270745785567637 1.4650014255542745
0.6671908946384839 1.0205580841109199 0.6628292784709929
0.1687638800028162 6.050199964390124 0.7728150470479553
0.41137183193737714 0.1305581272212393 0.4167536528394806
5.714534129073586 5.407999349555743 0.13838056832010803
5.904468471520863 1.405918657535162 5.897232422320987
5.316932039662963 4.769353871784228 5.920388895464089
0.7456992827160398 1.5647704966006686 0.5332713034936409
5.627776389917968 5.263719282077567 0.05644427919172479
0.10294662614019305 -0.03646613495895701 0.09310697784588462
5.149862115346395 4.728746531302173 5.828429065955928
0.4018555057058614 0.8576076337516547 0.4402347111715581
4.801539583523102 4.565674651723543 5.634660713116666
0.39930523543955565 0.760461787225678 0.27837157821100483
4.459759997821083 4.210460813055954 5.148836744499085
5.927758531005938 0.5501626395622895 6.0825541382938315
4.185654131080602 3.7323682312317077 5.055523382864915
0.12413016116469376 0.560807317128344 0.018298155782511413
4.63235207556952 4.248752111864457 5.331721835841268
0.9762554820804756 2.0690354296537925 0.7577389250174345
4.552963546045524 4.195485123662379 5.2850294154306905
0.25035350380819 0.40374801006950645 0.08598692619820825
3.555289693558463 3.2914472637593284 4.380012279241885
0.22317897915282872 1.40042312507423 0.33925232964484847
3.440788717940092 3.162155099241571 4.23244506991497
0.6218335455330847 1.1444180955424483 0.5039717720710307
3.2496245584764654 2.877493887274604 3.8478342667717165
0.595974882375556 0.9578312998142484 0.8295321068370967
2.6707769424588848 2.3923195331878016 3.400532483899748
5.806480074953846 1.9616880423147882 5.777926755983651
1.9050667705670712 1.6050309014600364 2.7166523637596023
0.5684119618715736 1.2074135070714334 0.47166186559961504
2.46240984543508 2.1417019654532705 3.1873550664544483
0.5721231854947484 0.3925337277412145 0.3669949150612287
2.180333461318925 1.8180330607489528 2.8101299436900797
0.7281755635318826 1.5833076880178532 0.6579626459583994
1.7468558435514532 1.4105825603144289 2.3132797807484082
0.4188734428740347 0.8762530314255741 0.3407555650116222
0.9749289360884837 0.6985209810480326 1.6764073834480548
6.019010469849273 1.3523757691912819 5.908198387576342
0.5561015798436314 0.17632718376495354 1.1675440027225141
5.466142783051156 2.0018724380656128 5.396241233690571
0.8680010608922072 0.6108927741185461 1.5055293910524599
0.10782589534980819 1.9060946909538248 0.2451004736543945
1.7688318303033828 1.2538769084705048 2.4005315308213433
0.7132163092181585 0.6524382964833854 0.7244708840251832
1.5909322957925496 1.3603723222963824 2.2296826833560166
5.964027679612026 1.7310542975951826 5.946135768054965
0.9721279588985928 0.6400719913986175 1.6795086550594993
5.757989903243681 0.7091726650443742 5.851396011214459
1.3429216272176856 1.0651897816707907 2.120181388020012
5.966843379314028 1.3960540588488632 6.106407002305482
1.8567857936510148 1.447783454136616 2.538823477157653
