50.0 50.0 0.0
100
6.264980984115896 0.2719306168551142 6.176619419835133
2.5337505953978785 5.20052916760968 0.26068895683630205 5.9462368693079375 3.6657623932507493
6.264980984115896 0.2719306168551142 6.176619419835133
2.640718678059325 5.217482835443652 0.2726978159580513 5.989253070188151 3.921747720770229
6.264980984115896 0.2719306168551142 6.176619419835133
2.2399652377962536 4.807898875523041 6.195541506284492 5.159684166655255 3.493349517880801
6.264980984115896 0.2719306168551142 6.176619419835133
2.3891988062166383 4.982958406195316 6.193597525103614 4.454534557150723 3.5092003058612917
6.264980984115896 0.2719306168551142 6.176619419835133
3.095083719977588 5.609036284075934 0.7012883654974376 4.4307857459658635 4.102548094464851
6.264980984115896 0.2719306168551142 6.176619419835133
3.756235048370211 6.257076578394483 1.3841294473755008 4.046705291384862 4.812710179168784
6.264980984115896 0.2719306168551142 6.176619419835133
3.60009438342432 6.10433155294172 1.2234548324094892 3.680118468928661 4.596847760985938
6.264980984115896 0.2719306168551142 6.176619419835133
4.091490699718598 0.29984679377967804 1.7826109352748194 4.155951984492666 5.141621796964998
6.264980984115896 0.2719306168551142 6.176619419835133
4.776688414105031 1.1148999468956156 2.6608536856215523 4.700613674385262 5.9355373462448355
6.264980984115896 0.2719306168551142 6.176619419835133
4.469016826083577 0.8981588755490257 2.331052378781024 4.100776833124462 5.538686207080361
6.264980984115896 0.2719306168551142 6.176619419835133
3.7926329737085585 0.20419445570371142 1.6598900708602224 3.282189858330053 4.987787403742715
6.264980984115896 0.2719306168551142 6.176619419835133
4.025181481646469 0.46442108887957545 1.933482639063798 3.625633780668445 5.196517491281269
6.264980984115896 0.2719306168551142 6.176619419835133
3.6917934733238584 0.08283394446098136 1.6814214514997659 3.21851368312267 4.864005367597674
6.264980984115896 0.2719306168551142 6.176619419835133
3.4076908208139223 6.078432667981953 1.3293308044155987 2.9287757512748525 4.668205666735307
6.264980984115896 0.2719306168551142 6.176619419835133
2.6541881007987014 5.249337946193757 0.5999941198259648 2.4107448251068813 3.6031084026875657
6.264980984115896 0.2719306168551142 6.176619419835133
2.6992179185783662 5.202222427807927 0.6375633373127938 2.50067117770606 3.744849939268752
6.264980984115896 0.2719306168551142 6.176619419835133
2.9777624552854407 5.434525229061715 0.9577447366889755 2.9185262094936366 3.9357324526534825
6.264980984115896 0.2719306168551142 6.176619419835133
2.782269272716395 5.194284086310888 0.7898417264131208 2.7420967695584006 3.6800383342165333
6.264980984115896 0.2719306168551142 6.176619419835133
3.0052753670637333 5.584793990684272 1.0599400780382338 3.0884613790560023 4.156278890780936
6.264980984115896 0.2719306168551142 6.176619419835133
2.228286463797917 4.671413459799819 0.19185471126075385 2.111580277166519 3.1622193663447478
6.264980984115896 0.2719306168551142 6.176619419835133
1.4451315702586789 3.8946296391269324 5.850559048032309 1.5032955689981073 2.43443264140533
6.264980984115896 0.2719306168551142 6.176619419835133
1.0373338160012748 3.415911215541706 5.291987533539312 1.0096523483032145 1.9626471882547438
6.264980984115896 0.2719306168551142 6.176619419835133
0.19831135419858237 2.6918704208708513 4.47699215765202 0.3685282145875274 1.3087813383439526
6.264980984115896 0.2719306168551142 6.176619419835133
0.1892284226980302 2.5809395716507777 4.406725660697189 0.249296445999813 1.094061197658803
6.264980984115896 0.2719306168551142 6.176619419835133
0.36217203764883765 2.798840967188447 4.551107915136775 0.5344538684462908 1.3648016155077425
6.264980984115896 0.2719306168551142 6.176619419835133
5.928058801167977 2.1624970662581484 3.881423593189681 6.046165344881064 0.6127499404806684
6.264980984115896 0.2719306168551142 6.176619419835133
5.440613536303943 1.9180848731687439 3.466608801813846 5.597325284098551 0.2550612224580231
6.264980984115896 0.2719306168551142 6.176619419835133
5.806645126906936 2.199154847438159 3.7955308747804843 5.91526034694569 0.6308671926526719
6.264980984115896 0.2719306168551142 6.176619419835133
0.29917723815759284 2.8518830783386955 4.4145505077946385 0.3713105680696186 1.387597935169678
6.264980984115896 0.2719306168551142 6.176619419835133
0.33708967645089843 2.7760410066002827 4.347182824757802 0.3495982392226364 1.4038284696191452
6.264980984115896 0.2719306168551142 6.176619419835133
1.135836681816006 3.6898950135277424 5.2476327531673785 1.2987242597366118 2.2934552345255255
6.264980984115896 0.2719306168551142 6.176619419835133
0.9746048099655433 3.5674312612198156 5.01340523934075 1.0796381000487116 2.043843984226455
6.264980984115896 0.2719306168551142 6.176619419835133
0.3026297451778104 2.842151553914243 4.3328918654838455 0.6007244687512836 1.35191931807592
6.264980984115896 0.2719306168551142 6.176619419835133
0.8464828243895589 3.3459058345916657 4.82810312070995 1.1219721426292664 1.705845486138319
6.264980984115896 0.2719306168551142 6.176619419835133
1.5446491277219263 4.013315794709407 5.458281841368964 2.3354027559276056 2.569729295606931
6.264980984115896 0.2719306168551142 6.176619419835133
2.2212998956770145 4.709275396396382 6.168915474044398 3.0184541484054974 3.357378311564554
6.264980984115896 0.2719306168551142 6.176619419835133
2.0401936678203407 4.4372968793392165 5.900539762047271 2.8119500181934076 3.1731947268614924
6.264980984115896 0.2719306168551142 6.176619419835133
2.70066116297841 5.115132824974537 0.27780535288552244 3.4350033279089 3.8094077923395133
6.264980984115896 0.2719306168551142 6.176619419835133
3.227015170597485 5.451270372743015 0.7352461724573907 3.8402718801833178 4.11869497384629
6.264980984115896 0.2719306168551142 6.176619419835133
3.2576014584640975 5.611024525395047 1.0041863044411858 3.829775323946544 4.252499985032092
6.264980984115896 0.2719306168551142 6.176619419835133
4.0657262638205225 0.09109184723429031 1.8017814623282566 4.541397380604082 4.9598844401190245
6.264980984115896 0.2719306168551142 6.176619419835133
3.696008231111038 6.071934932759416 1.5182901259959456 4.112158438912294 4.763311196594221
6.264980984115896 0.2719306168551142 6.176619419835133
2.9973644941314004 5.245045851348177 0.7769300050156156 3.5051997014597958 3.933277114903319
6.264980984115896 0.2719306168551142 6.176619419835133
2.644849082631719 5.018152971844766 0.40225309745524385 3.048157217609999 3.6360694153427655
6.264980984115896 0.2719306168551142 6.176619419835133
1.8272793220762875 4.074880834376647 5.884879763596178 2.3944158791093217 2.807747293600859
6.264980984115896 0.2719306168551142 6.176619419835133
2.3478585958305684 4.453249525502971 6.270991967757217 2.7975411146152562 3.13494318442316
6.264980984115896 0.2719306168551142 6.176619419835133
1.5254081816590679 3.671174959139545 5.385182492371523 2.0681847300325575 2.4936660578922867
6.264980984115896 0.2719306168551142 6.176619419835133
1.6560927163943409 3.868407650054027 5.575589815708844 2.219222925194689 2.5376562551797917
6.264980984115896 0.2719306168551142 6.176619419835133
1.7280688010122973 3.9614720552455673 5.6922897212648955 2.4032023505211124 2.6377752424523537
6.264980984115896 0.2719306168551142 6.176619419835133
2.5093339380808355 4.779769875141341 0.11186676610775703 3.20972062659996 3.5686347804969474
6.264980984115896 0.2719306168551142 6.176619419835133
1.7456081387974067 3.8633888622550248 5.6180398231432696 2.310171568610466 2.6297805685715647
6.264980984115896 0.2719306168551142 6.176619419835133
1.2068678425223527 3.1367332442011646 4.895446188711472 1.7267851512958563 1.95690602944223
6.264980984115896 0.2719306168551142 6.176619419835133
0.7018247575662921 2.875751927228046 4.465987808245434 1.4919960596923465 1.6389903964015806
6.264980984115896 0.2719306168551142 6.176619419835133
0.6705517965071002 2.6423199786873086 4.201912068131416 1.3182853937051862 1.44450329980008
6.264980984115896 0.2719306168551142 6.176619419835133
0.3199260873038339 2.4673847053094704 3.865636690302299 1.1629453169138637 1.2400597599145797
6.264980984115896 0.2719306168551142 6.176619419835133
1.1892665794678365 3.1576190199172363 4.662557277253843 1.9277415053541809 2.0748990253413906
6.264980984115896 0.2719306168551142 6.176619419835133
0.8990000768986293 2.840410587035412 4.3392387314372 1.7636053564733283 1.7106520176080453
6.264980984115896 0.2719306168551142 6.176619419835133
0.9860249749804509 2.9561368233292575 4.302326135556435 1.9496637633520653 1.922592870855687
6.264980984115896 0.2719306168551142 6.176619419835133
1.2557924113334926 3.270789200996816 4.4710411971714485 2.3560975643310726 2.042936527120893
6.264980984115896 0.2719306168551142 6.176619419835133
1.153814298642142 3.1879491407195784 4.414500419933847 2.2436068711649115 2.03629689481453
6.264980984115896 0.2719306168551142 6.176619419835133
1.5643863408556078 3.6574308231262846 4.768307097283044 2.6250073458590526 2.3889584161399404
6.264980984115896 0.2719306168551142 6.176619419835133
1.934885075530461 3.9295363375999646 4.9866484494103975 3.1218864189758238 2.919996332654359
6.264980984115896 0.2719306168551142 6.176619419835133
2.8969325362010974 4.787720720168869 5.836331010711762 3.84802168595011 3.6410043179680094
6.264980984115896 0.2719306168551142 6.176619419835133
2.358712021972258 4.390246844239505 5.322931321054648 3.4502679913927903 3.295948707446955
6.264980984115896 0.2719306168551142 6.176619419835133
3.156086209263708 5.021934527108163 6.168389696979061 4.143078903591187 4.096171927277325
6.264980984115896 0.2719306168551142 6.176619419835133
2.751498089824645 4.714420534628632 5.765963376861361 3.8262750054571644 3.595822449845561
6.264980984115896 0.2719306168551142 6.176619419835133
1.9492796024918793 3.7491812907106095 4.756643924168626 2.798157396080439 2.750279240538707
6.264980984115896 0.2719306168551142 6.176619419835133
1.9354889360691223 3.8012440872656836 4.512197599892103 2.8288983708041697 2.632908648532628
6.264980984115896 0.2719306168551142 6.176619419835133
2.185898750580754 4.030133755723244 4.942630228934113 3.3110964829460325 3.007453539813861
6.264980984115896 0.2719306168551142 6.176619419835133
3.030691395598996 4.890903218078767 5.610613326326897 4.048297879578337 3.7935668958469897
6.264980984115896 0.2719306168551142 6.176619419835133
3.5088819991208204 5.330680047091808 6.259308639182563 4.450926197637106 4.261664509515288
6.264980984115896 0.2719306168551142 6.176619419835133
3.777630998649088 5.553004728575644 0.18291838153992934 4.586962122913045 4.5714521148871805
6.264980984115896 0.2719306168551142 6.176619419835133
3.515091661587034 5.163066345683848 6.131308870736817 4.403834072791186 4.330920541426369
6.264980984115896 0.2719306168551142 6.176619419835133
3.001819346188805 4.703365048485924 5.598885040204018 3.6954553507458443 3.7637337886456286
6.264980984115896 0.2719306168551142 6.176619419835133
2.0434407398821244 3.768281887836536 4.708402768690135 2.8906143612088386 2.824695747471504
6.264980984115896 0.2719306168551142 6.176619419835133
2.8468567870997012 4.5396697848567324 5.255091724712925 3.623142497984185 3.6261160042827236
6.264980984115896 0.2719306168551142 6.176619419835133
3.522662639595311 5.224427394142037 5.992282812630836 4.206098239191846 4.25301117277467
6.264980984115896 0.2719306168551142 6.176619419835133
2.975808967971312 4.712795723078889 5.273415286367625 3.6466733397514117 3.777857012864993
6.264980984115896 0.2719306168551142 6.176619419835133
3.789101716940625 5.512570234997352 6.265489262334709 4.593749671217759 4.5208577868892466
6.264980984115896 0.2719306168551142 6.176619419835133
3.6493247350772746 5.377718675686271 6.041839857843261 4.335114003992411 4.328772353208063
6.264980984115896 0.2719306168551142 6.176619419835133
4.614332195436597 6.267622765836969 0.7954717991505014 5.140387049764319 5.18180317920799
6.264980984115896 0.2719306168551142 6.176619419835133
5.100838361748075 0.32532362887681376 1.3542690741207526 5.729245797352339 5.663911845348361
6.264980984115896 0.2719306168551142 6.176619419835133
4.2582736627023685 6.046770767091268 0.5681020271181163 4.990280091708973 5.012655497069087
6.264980984115896 0.2719306168551142 6.176619419835133
4.798126819392797 0.343423980539975 1.5090564902083505 5.549930715248378 5.608659708042028
6.264980984115896 0.2719306168551142 6.176619419835133
4.578765087163646 0.07939965905356594 1.613825580949566 5.206351122467665 5.38996152267489
6.264980984115896 0.2719306168551142 6.176619419835133
3.8491205971718343 5.703907001364995 1.2221755341077936 4.605708840289099 4.70207561383693
6.264980984115896 0.2719306168551142 6.176619419835133
3.559507210661277 5.344068345332441 0.9192456344170825 4.021071447872039 4.310687751981982
6.264980984115896 0.2719306168551142 6.176619419835133
3.3813812715085247 5.189606742721922 0.7662334498056707 3.82148479564243 4.132557294618135
6.264980984115896 0.2719306168551142 6.176619419835133
3.694447527991462 5.530035732344708 1.32921409648785 4.235918639886554 4.460809728542809
6.264980984115896 0.2719306168551142 6.176619419835133
4.052316392370884 5.921701260629208 2.226471381028296 4.685574957480685 4.885010170219057
6.264980984115896 0.2719306168551142 6.176619419835133
4.4596642671690425 6.223910392885527 2.563484034570277 4.913379828428982 5.246271045391378
6.264980984115896 0.2719306168551142 6.176619419835133
4.5317596206499555 6.259266484302363 2.7742542758618347 4.943003949228023 5.249846831739502
6.264980984115896 0.2719306168551142 6.176619419835133
5.024462451577133 0.5284745374421487 3.286472296479708 5.474768284417008 5.81388135736557
6.264980984115896 0.2719306168551142 6.176619419835133
4.076497344350659 5.8590759626606355 2.3584380812997496 4.481076520275337 4.87820629105168
6.264980984115896 0.2719306168551142 6.176619419835133
3.210038584721452 5.097838922338403 1.588933791534699 3.582115682303213 3.939745843814631
6.264980984115896 0.2719306168551142 6.176619419835133
3.420014805455157 5.277589337415016 2.020361169628086 3.8799480710564667 4.251824830057924
6.264980984115896 0.2719306168551142 6.176619419835133
4.146783839252396 5.946528442318679 2.7974321824909394 4.350766226936795 4.9247426148262345
6.264980984115896 0.2719306168551142 6.176619419835133
3.522962993383508 5.221401354601705 2.244518079148259 3.8166224335115166 4.18728845318995
6.264980984115896 0.2719306168551142 6.176619419835133
4.349412842268141 6.219251118039536 3.1061332499487406 4.479891313054287 5.024432482944083
