50.0 50.0 0.0
100
5.464687827562384 1.4128561909860367 5.556322538816139
2.351829769132368 2.8434730933175922 0.15543961978380683 3.295261608131903 4.867998853218449 2.222344297215572 6.184247220210239 5.302345178416706 2.367924373841542 4.903646323280485
0.24966362357475552 0.7704839427647593 0.24540539707115552
2.084815599834382 2.7597512702816247 6.120633427721122 3.0216487654566 4.598501501677705 2.157358780261333 5.916537001268101 4.959670733063414 2.1459636393002386 4.569364852185806
5.834879918603611 0.25855884744563246 5.512654661488743
2.70346660458914 3.223148428826248 0.39369904695473323 3.6579692279250446 5.198793721359495 2.757402936785668 0.26839085559514775 5.6831886534423885 2.7747173168239105 5.143135222230648
5.969966329204447 2.0450340780871166 5.979802227457489
3.002787656278691 3.609419685371448 0.890375490677914 3.952328610230874 5.445619351632661 3.0045764223557696 0.5212861025390962 5.983397119218052 3.0305729941656985 5.534586465873464
5.885101814579215 0.5556442553693764 5.920840416314424
3.455237413461405 4.084160542384536 1.261975002016789 4.287300599932573 5.921060071147838 3.4505716385626766 0.9578349336335581 0.08115660087001686 3.4666959589345527 5.8396183853917085
6.077335023630657 1.3294271942241445 6.056242944507593
3.730516231703912 4.253023649702653 1.6979512824601555 4.660620802801455 6.181648385236096 3.662848030739651 1.3226662291529667 0.3279569533268205 3.696402211413739 6.152412150123439
0.1608406292112469 0.2627761902123241 0.18887745475552886
3.443697582699619 3.9178563810066676 1.2957316956113871 4.242690202809399 5.88742213802107 3.414070236027706 1.0036155707940724 0.048467377714019655 3.3903175174706024 5.816969014919655
0.5314779185445064 1.3148540588500173 0.8461505989756802
2.7894068302319592 3.192556168014537 0.6955639971750367 3.608096822744113 5.1878014399302455 2.8022005778331076 0.4365605973435098 5.6043520862800476 2.7386931749725245 5.146526702838004
0.8723901157266151 0.5033760838132607 1.003110414250556
1.8403039446700875 2.414440699987545 6.133059782277911 2.7175438224002257 4.407061570885121 1.8915826981936767 5.738029761165891 4.754177204166727 1.8674152288150934 4.327965722287518
5.868141731977061 0.008046162631849048 5.7247122408717965
2.4347602105144097 2.894608416736961 0.2893423834595561 3.1823351890548333 4.769037517622275 2.3136694185232174 6.253923505607756 5.263690229913571 2.414576404359589 4.723338794597952
5.681230306736867 0.6111601329299896 5.81076056358321
2.951528481417595 3.3831410857070927 0.9279735323522962 3.7451814936234835 5.390466994838608 2.9574195766774385 0.5398343669826824 5.787687932129414 2.994595045577909 5.23416421469018
5.892440716531741 1.130326430511224 5.918673870305123
3.2179142822669093 3.712214080981427 1.3653421680170466 4.00799904672229 5.670185125814387 3.24697629815556 0.8655115187431219 6.0232628980396505 3.3116925346185075 5.559908025681268
0.43196160866057876 0.09024942093537346 0.19751217098916676
3.0709701141953616 3.6088195175528255 1.0937701182630803 3.904800424431308 5.56703534188826 3.170395196858367 0.7084476993376176 5.991318456169857 3.20845764031752 5.354680643617978
0.10629485720796535 1.9566901790248228 -0.05367545036072835
3.012983278348579 3.612120548000555 1.1735726316884971 3.8292647262708477 5.433652468702846 3.0167556777343925 0.6633838852921903 5.819314687638864 3.1127061547611476 5.293197351286264
0.5020045235668185 0.26625026220159653 0.2890681448844225
2.5321946534126707 3.010412076630183 0.5720618021650665 3.2635532566367145 4.937478542612701 2.656734884644176 0.12780352061744793 5.286855581205403 2.58187465979952 4.72538522112733
0.7574559078150709 1.1755675909839463 0.7860722830479538
1.8276160721984835 2.156677313936135 6.10565466001845 2.564787799921994 4.14805330773418 1.7739303104832933 5.62835444912713 4.485400035953923 1.8098982122731258 3.9680143434587
5.638531094320535 0.01450257245820355 5.790830068739757
2.337054180537855 2.8248253954933005 0.4164706266623419 3.1484219315793496 4.756966971395574 2.3664507966730555 6.238438414637533 4.97259621409722 2.5084949752007586 4.570696885682837
6.106495427131719 1.2013913233434135 6.089376996213134
2.5856061162689725 3.1322734527677945 0.6928100587874697 3.474338282908678 4.990225655362981 2.6721507327834653 0.2101981106565347 5.257774717419858 2.693987867829332 4.799710172946111
5.937047416485077 1.9910870035252108 5.7744881537387585
3.072337678475538 3.4977622180100285 1.1935071567538484 3.835859513228105 5.348979525855352 3.1324824070656145 0.6831025566484845 5.608323325434266 3.1246712351551027 5.0615709482500835
6.029800717308979 0.93417303997234 6.247146641749703
3.2041730379764597 3.696092784124602 1.4050099851017066 3.9616539286287793 5.601789459392098 3.220367922744095 0.846446050715703 5.641672133068927 3.3009447911847776 5.236025432458379
0.3028258846778198 1.6991448114345742 0.3588758369158677
3.060037617664138 3.386100292733226 1.1949382425640485 3.6355080177277856 5.171969278985132 2.990039878014212 0.638059780558434 5.3264146783422355 2.9508543651689676 4.93857587343486
5.689855097384871 1.1627530369032724 5.65785420540042
3.458226562341983 3.813026234137807 1.817823202106715 4.158995872835046 5.687305814391802 3.5465518675419885 1.2631807514310927 5.775116992362172 3.582650658436847 5.399953854081062
0.0007938708132057617 0.8418630079000062 0.12873388130863112
3.409391925315409 3.8348304452689703 1.7858374526995773 4.147533319082406 5.662024727260762 3.513247119998073 1.1829752953667922 5.674869059804739 3.534761463782266 5.24690001053275
0.07546892963753635 1.267464630739543 -0.0274677513575253
3.3785777251252767 3.7540790973892775 1.8172807559657187 4.086495501710946 5.582839987600036 3.406406817788984 1.0709720779500778 5.578221430743214 3.519063428087832 5.113940770841112
6.115969434614283 2.0426766745777187 6.258857114694732
3.6300760711314055 3.9625685736128458 2.0206524135466983 4.15630148038726 5.786872157714726 3.6276212917054953 1.309863214265392 5.608800776441653 3.5520907130579213 5.206617504290447
6.137144380638393 0.34472418537196814 6.259709812824853
3.6274463316519014 4.02098603574332 2.1909422512207106 4.329069951358392 5.841207136895123 3.742227871716737 1.421543916285792 5.751110736173245 3.7455966887278254 5.36692598655684
6.042569127882678 1.5767213025584754 5.6341299231842275
4.137947818996837 4.481894892123915 2.5804543996747817 4.691432715559791 6.247647297755236 4.047417701342166 1.8974243395853438 6.122475368909401 4.10690629814596 5.72860218259711
0.9743078664801315 0.34655564193160027 0.9975757813507771
3.2871439564359726 3.565868567543519 1.8040538765368686 3.8780595846815635 5.501949516336966 3.2592111352295086 1.074325617746819 5.229221246397935 3.2359068155326502 4.762011810970867
6.1358410545481945 1.9566656383956038 6.200072100434646
3.3678921006750957 3.765812165089171 2.096527275972896 4.083797964623258 5.6506458754908415 3.3222431635773653 1.2505593996746462 5.1052448500502 3.5252389694346684 4.864926599727514
6.260152821839347 2.124484475712029 6.131228029451552
3.5041360723615007 3.941198710219815 2.277116126041757 4.212236922636297 5.665892634608104 3.6566022334229524 1.4491856806476981 4.672363089276272 3.563454375066989 4.860489008269871
0.38635458039539305 0.5716813356772931 0.2781035242186568
3.286131404255487 3.7693712524725935 2.0608993424853805 4.038048967794898 5.494979756377965 3.394453932413522 1.2551189542124268 4.382892279893728 3.398414454789958 4.7960680264263695
5.807755627739709 1.204309330168583 5.765489648155295
3.865383684426266 4.217348880001733 2.5566906155938836 4.341780003840159 5.945645271476851 3.815899972714722 1.8862278325223585 4.4952331788043836 3.7937305678769486 5.163446597239584
5.555641416796541 1.9360167158524004 5.508034325522517
4.493733217199168 4.7652936216122885 3.354447328500668 5.006290207095942 0.45263874187627895 4.556641321646526 2.528201741476509 4.7357419132443965 4.390403019354083 5.768669192976515
5.662767279799008 0.8866579636101404 5.5146738779756115
5.184642641587683 5.556025697954946 3.9472673264616196 5.866648467848394 1.159067231051254 5.2571670463710625 3.1682878555354534 5.273903802505831 5.1545902484196855 0.18513834752847946
0.4338179459966667 1.873537094326246 0.3131757603117926
4.69940827981967 5.007420726152041 3.4976005768015828 5.311051643533441 0.7095629190158421 4.699430503026366 2.837207864558901 4.138461534489323 4.6622595960336355 5.881028714877683
5.479679367549596 1.2486701830460174 5.605716332264224
5.616678650270351 5.72604254145257 4.187830434240105 6.056393087619647 1.5172355190992972 5.469817342784926 3.5230684146685785 4.621778465110283 5.457382327646862 0.5833619794048474
5.770238240903826 1.1685712663252201 6.017928935552922
5.79359859628539 6.193051675278212 4.523381687055472 0.13559210635587077 1.9751139697707547 5.762628586483974 3.895736460373539 4.479239419376653 5.794683363423929 0.9265782731334047
6.20539490840079 1.206773509337168 6.129140621972855
5.898756206262614 0.06556608827170582 4.651269562165498 0.1946789586951279 1.98469387026738 5.811686401801769 3.896853536852566 4.372950750691281 5.844263838366135 1.30905018139014
5.622054783305733 1.4875616746088132 5.654552435241261
0.2021890807130189 0.6381378064799836 5.250528314645231 0.9249587379637092 2.7470386267745184 0.29797933490026834 4.473490690799198 4.554044885638116 0.1563871592614908 2.0550652252960306
0.14820480032312322 0.8033111388590306 0.3086170600356092
6.227975506613132 0.2572792785511098 4.876215453824367 0.5012788266080245 2.4553225075629963 6.200171621410584 4.243253174025422 3.9023491871827996 6.185309852735882 1.7943703025850661
5.627517986868317 0.3178189252741323 5.716806614308742
0.5483828340769844 0.9146843234861189 5.49646574985358 1.2902880611855148 3.064048811337138 0.6077343539964718 4.822804171585971 4.563951527728808 0.46828016888899227 2.4535900000564803
0.8282699889923473 1.1783411025770107 0.8452502519967969
6.196925231152013 0.28724498061902515 4.594421064317887 0.5295776161957171 2.2719613393285876 6.110175746390475 4.1211233128028955 3.591134148931836 6.134297393875063 1.8976392324360356
0.14971313368816308 1.4219943178831802 0.14671989747124808
5.902325038634348 0.011874651813322904 4.4254069824965185 0.3171429150762667 2.1818139029827996 5.837252166639652 3.9791767939451073 3.4471566787666785 5.778138475268415 1.9249112767333845
0.34662381125876496 0.7109124458516578 0.38937181503319185
5.6765512515550665 5.901188285580027 4.197186774509799 0.10715771783613244 1.9428247527645706 5.614983716484938 3.7623538108061174 3.139615741631732 5.670085664682077 1.8069825538025102
5.304646885621511 1.6585135820743566 5.495627046662628
0.32295307683539837 0.5670648123322364 5.07709837110989 0.8828864505986613 2.7808620713953247 0.20409635008725466 4.4854649315634205 3.9073778122663736 0.2277539537419555 2.6760213265625383
0.22295296412554727 0.2304654116116372 0.26833214794095406
0.0840741663187834 0.36463714557201526 4.818608334269156 0.8608399907238464 2.642805623850417 6.246249948206371 4.3460043345123305 3.624012844192608 6.271404071698705 2.535730605482835
0.4836394861184782 1.757589401966503 0.38607069497329627
5.817651510970224 6.257371629668303 4.240809888031421 0.24884832655071895 2.1054151371200174 5.670567737642822 3.6098333813629577 3.0063714360142617 5.641845874563642 2.0544759060886753
6.155866616798824 0.7671651056446189 6.308240957618272
5.895576296194861 6.219338227355494 4.34108275969418 0.2775930336539501 2.1991312780009675 5.889983305209281 3.7054630815755525 3.13232501464092 5.601020491449051 2.1650151659752863
0.8156099420704938 0.31498920375886796 0.5781778213630432
5.212520271880991 5.505153723508764 3.6018545420213957 5.944803947529289 1.5059795526922688 5.187098631045805 3.071617669982816 2.4253160011782415 4.996644249150944 1.5166994193736913
0.4583461603222325 1.5468088844463999 0.48938211312990054
4.602421115676622 4.983395081626776 3.0599451372823236 5.337854981561367 1.0138790035980385 4.667649861432952 2.5696533366446808 2.133610418723304 4.480566351948721 1.0568154900698774
0.41364435786003634 1.6390323281395438 0.42132749638718925
4.046188857362036 4.425735576712512 2.5043106465458598 4.773887887305125 0.5077309556121756 4.011742656534421 2.166589973468933 1.6391603762168803 3.867151810108928 0.64176025954262
0.2449528112770038 0.0883960669598019 0.20083632784640595
3.824373821182629 4.216039103472642 2.2750193578535987 4.70961403144363 0.23741121717858604 3.7702303917454607 1.8910294248549384 1.4243981516597692 3.659463749704147 0.46113499506302524
0.33179405403597717 1.8857579183118407 0.06121719966215858
3.7394259684462114 3.987590765913118 2.1346335731357886 4.4182248073907875 0.07119413102167726 3.538014148013836 1.6897946341937402 1.4001492238649051 3.407378041217238 0.2949989153464827
6.104611859518761 0.05515308216883574 5.823875808899736
3.8288339610296327 4.395199885990375 2.518623437068202 4.698562215789074 0.39475913123377016 3.896339101243708 2.103433160646067 1.6792181113307887 3.8604526716933423 0.638451895004895
5.518627769585334 1.067024609772379 5.487051088041429
4.601847830832753 5.051559953730962 3.2051375910044673 5.38176016177796 1.2688957005276214 4.594252604682226 2.758016010171528 2.585932979993428 4.4543385697069455 1.5506703887541207
5.7533040145078775 1.6272771086895867 5.553079932292755
5.331920062697728 5.550103047549621 3.8945683019572734 6.120004297063469 1.895487062956816 5.2430827788080006 3.3616497677256163 3.112053918783794 5.152193599256746 2.2726013425868974
5.6326147488105285 0.8485678257212527 5.647455694570137
6.067666850337279 0.14563084927120712 4.571988939130798 0.5537191168414282 2.6988076668969825 6.020522195251283 4.136819078401633 3.843509257738074 5.840830088953312 3.024962553177924
6.050083590205367 0.33420887999717164 5.848060767097799
0.13950975739214486 0.4264585975529471 4.940154361141053 0.9864811199970701 3.0748901855847066 0.05974511454887221 4.553138275305324 4.300058011967086 6.241414894307246 3.4757431559306404
6.185802178220158 0.3745218137888159 6.518902087417419
0.21315702035684667 0.49100774495295313 5.000634349851846 0.8742429252329713 3.025492112119874 0.11017254653056302 4.545971558719096 4.295820407024219 6.275115822522379 3.548180815093493
0.3068797176313439 0.6248832251927423 0.3235659839360301
6.230318028790629 0.35027065883063946 4.8022965746093975 0.7713343522266436 2.853323777271146 6.10478301230114 4.373550218765283 4.101331714919144 6.014223416751082 3.335904258157824
0.07443237450471313 0.9706503669607479 0.108387026925135
6.109784472317668 0.1251800367209131 4.678642454577821 0.5862750178420992 2.8092708376437643 5.955173729094237 4.147074267042403 3.908500452774848 5.9688017652359 3.190547246227837
6.09208723021262 -0.04062922812044001 6.1007991263260735
0.1264439510104377 0.4470709267741027 4.891238325106849 0.8626541335441609 2.9092994504246694 6.282605377198303 4.537308888225415 4.1977546888929 6.1113527308095215 3.3508259752264604
5.7488601411021625 1.7550676607031852 5.787476297521162
0.613069652236569 0.9003672090563748 5.326028524435501 1.4784485854420202 3.543393856157627 0.5461453616156315 4.857843254549632 4.481138939424061 0.37002988020915467 3.8531815995420358
5.95276490320024 0.44561044936070715 5.898582691222237
0.9522775348676599 1.328203719499105 5.705736625407769 1.7153064100327906 3.85341264361495 0.866030499008073 5.362969986365374 4.867554912098772 0.7035370742910045 4.198296348061952
5.694465597814605 0.6479722177445719 5.917449904203249
1.4389097046706754 1.8244864273330004 6.061265610125855 2.301111030667529 4.2951742493480065 1.432527422829664 5.756931304847138 5.292631284855636 1.3255535038742359 4.615888510972934
0.7357164891372171 1.464393737128995 0.8601535798238652
0.6824699985390632 1.1602012869147864 5.350867973600838 1.5079028773135819 3.4073627793852617 0.552813185630381 4.896307307181088 4.492818239507587 0.44842838863326584 3.6438532557647507
5.887617971805467 0.24589459563393345 5.697097487373979
1.20014981629309 1.6227612477874362 5.762288706542904 2.0437619769154702 4.013953828623565 1.0735265675719434 5.34024974558538 4.891465385108282 0.9554325145661724 4.210734069227084
0.7155735285932912 1.4253080112576317 0.4694129101295362
0.5409934414316919 1.0780274011928532 5.152267195432017 1.5544680621709221 3.3501362109976367 0.5377051105497276 4.836111574552164 4.2595303143553735 0.38716500075376864 3.5197194239451925
0.6565130959153637 2.028855167912115 0.6890348223539438
6.14500187879572 0.3419885917612696 4.365884031048261 0.6638181217935841 2.6283365204513003 6.015066806946672 3.96150873848026 3.5289290485849367 5.890445865846113 2.984067087364136
5.545350431887626 1.9272345539016518 5.661572063301097
0.6088675331336783 1.1281585025299106 5.1438695291944665 1.483999914162103 3.3826848980045665 0.5374154093006445 4.769703650129134 4.129762837794681 0.48800754809533053 3.5246468781129563
0.8730256091554229 1.774932109880375 0.9071386585005361
6.055902751110016 0.23913301693120162 4.21716546714288 0.6889531182815987 2.517081021491945 5.88605210968088 3.8631507635790285 3.1873038884072025 5.731186549751338 2.6913283486422297
0.3355309580306026 0.6426626203499094 0.3516750277463577
5.843798033002193 0.07764351732732325 3.933605805189162 0.5184244199203658 2.3830252226765105 5.7223708466164425 3.7087658146882996 3.0409487158143254 5.527654271268643 2.5511267921905585
5.660055564150609 1.8954428179158411 5.775286340351224
0.10052314040866647 0.6530137823588436 4.516757070268907 1.1283434860147528 2.951520347477407 0.05930493085636817 4.185651202142987 3.5776226990080753 6.096975045161325 3.048525472314993
6.341751906536963 0.851127517753836 6.480481879233589
0.09003218922844701 0.726542541061771 4.437079787682334 1.1219724180736124 3.017254288460928 6.259427390565127 4.163629074486595 3.625256525433734 6.124175665728662 3.2165343592052675
5.780206279424462 0.2416469941408687 6.046604913630445
0.4602063596869875 0.8779285326767439 4.65555272229246 1.383831817528754 3.2173272281523917 0.34207192421642457 4.487139340721466 3.81078136360858 0.17678803256806164 3.3344423886042582
5.853840809313241 0.2848765847942628 5.720517362513017
0.9241284851166356 1.542480123111646 5.225629971614363 1.9747531692096094 3.7296296213669016 0.8786446629067283 5.038697356556604 4.267775497304211 0.6893695413276296 3.877029845079494
0.13169071871876195 1.0645730082547733 0.26752765453026606
0.8968594891586433 1.3982806079243022 5.127442249636347 1.9016590453889974 3.6702148342859657 0.725489605104701 4.9545994820460315 4.209641910262869 0.5536466180418731 3.8286165148803204
0.5821729100832739 0.43136299480819235 0.6117209749633913
0.2712889395290925 0.8458091263959888 4.5487521664280255 1.3292501114624917 2.9751937822428176 0.20661763408668854 4.248505960410421 3.6781567774975144 6.197014303631234 3.2628633884667164
0.06399618505624569 1.9604084152109817 0.04184930035404162
0.15323668982687152 0.7131871265818434 4.424070378385261 1.1873634686441799 2.890886337763999 0.03921733715130904 4.138039624285841 3.414597086209746 6.189114611525981 3.0691126960867274
0.23643942345675217 1.3401458783951508 0.12134965127294053
0.016755523100087433 0.5726532542068711 4.080654589260307 1.0271308745672192 2.6337112997048533 6.21337696910445 3.9507203482208917 3.2408164310222416 5.8509065975936805 2.909338158171182
5.543792327482603 0.17178586862458387 5.392112120977743
0.7242760243608513 1.5030239677796113 4.948048980365389 1.8494482574465432 3.5921899547477216 0.70899625482276 4.767271980742915 4.061775005297005 0.3225854711223023 3.6784770779768277
5.843464920381311 0.7450146934576694 5.8278922587283715
1.2056135595578934 1.966013300392791 5.327817910559416 2.3376015476911594 3.9434432331047358 1.1337203591080505 5.214251703335307 4.503382086579993 0.9404963368559335 4.173273995193832
0.5447334448637029 1.5160636764919628 0.3820092645490415
0.7892825253642273 1.5523459675527582 4.884059171261692 1.931554895424288 3.6683644917424116 0.7996389936798974 4.756310017174596 4.126369575612975 0.6498077518232502 3.6329847059554696
0.17418433706881356 0.08972661364058784 0.055749173086267215
0.7737129963423113 1.641469648821284 4.925036470083668 1.997170291942013 3.495299251003339 0.8095967222741456 4.701642877504003 3.9631861451025316 0.6422917137292345 3.693314690817485
0.8456285159107639 1.6440381568738158 0.7969950367827746
6.269770863175085 0.760893003093717 4.066462204514624 1.1639654069377672 2.8070324908437225 0.04008179838699516 3.923519556049136 3.206740126802964 6.039958456524379 2.9694614718900247
0.3670906871757815 1.2370607041448929 0.5195033739101365
5.835192876155491 0.37607067791069343 3.5678331147028977 0.8300755869046473 2.348220804907753 5.750884717719707 3.440821210618403 2.829352675884211 5.589079341811004 2.4626806493047244
0.21456614293105114 1.3549331609615742 0.14161943217365253
5.685553950442897 0.27797784809180703 3.458717579445391 0.6566734858354415 2.3216987873809343 5.583489024095465 3.413916799946181 2.7775951973134534 5.203087687346008 2.4444333322194276
5.430605304782025 1.6690116466860294 5.566949298633519
0.1850852559713729 1.1743380408643311 4.228526918671145 1.4718153694643539 2.989066559330873 0.11499206299807102 4.143628372789347 3.4138898902043433 5.889385105553914 3.198463637896813
0.43363752733357624 0.0044292181968022815 0.3618172959474401
6.042151870833209 0.8279937042171136 3.763241823108786 1.0697584757554701 2.568289290143576 6.026283174471091 3.6256951922930654 3.0195919092480215 5.57738697785662 2.755281608139952
6.265595370457568 0.2966190633909877 0.2073995233155183
5.83968367363172 0.5727721846274201 3.6022941264766377 0.8479828575706365 2.474791372784369 5.878819937493906 3.576276129108495 2.7664120510749273 5.271761972312737 2.587084700945381
5.398707179664183 2.1105761064953685 5.6118373028938775
0.3841533551691793 1.2836279278426121 4.23724408804271 1.698844042231152 3.218641833357801 0.31930655909046196 4.130294677864809 3.510216988270784 5.733170903232767 3.244789655380178
0.051545784504016534 -0.13741316705649978 0.13825809917235127
0.15864533004325992 1.207139844878506 4.12882717913069 1.420020703005565 2.9194404687121134 0.06358425974451534 3.8996037062786395 3.358104210193725 5.532874467054293 3.0256305552337
0.7121938314534977 1.942338347442681 0.7703506111758668
5.569266621343505 0.43287077810675356 3.2656703963045928 0.6829282859913761 2.144584491291483 5.584881253457878 3.271655400434004 2.6287086300408364 4.193791461184535 2.377801238068247
0.31756551249258846 1.5155228916432917 0.24759145029559126
5.144331013222565 6.246438270342342 2.8916691998025708 0.26230316859459596 1.6849756320454308 4.949107722360548 2.8047457902268578 2.213585557926903 3.5351098011084536 1.9517347548355053
0.45945474677121184 0.5619514270584794 0.5830274902138606
4.620981027315704 5.69208204844979 2.2764507294502927 5.9594565227937455 1.1929189258025135 4.34839358786664 2.1674078713055804 1.6576775208357057 3.026572556315893 1.3954867541780551
5.728668222030919 1.5931059797112521 5.69561980466594
5.080334423259513 0.02204383398967915 2.857129830618356 0.33820149576756203 1.7572539744822544 4.746581358008109 2.7294831239472432 2.248971798475674 3.428643044043176 1.8966869532159967
0.7053705002561224 1.9818267656294952 0.6930021809194951
4.294326909209582 5.5979448569300585 2.344555785471484 6.012484438734971 1.2569868141335965 4.139529844052486 2.1538500384991552 1.695830707114009 2.966383268039971 1.445250237968617
5.781985919928851 1.676953452842888 5.6640218739520245
4.91699927518412 6.200174338943328 2.805645349592821 0.282681027990292 1.8317334954761808 4.6042634151988295 2.7898122150913793 2.2462691051911836 3.4318427528797844 2.087268024468872
5.75127674596138 0.8863526057165005 5.827916036090169
5.475616724641892 0.28767932102221644 3.248707799201105 0.6981966000523483 2.260897779354919 5.064537427960855 3.343422686338528 2.7512610650482423 3.8515327327621662 2.5713297804073725
