100
50.0 50.0 0.0
50.22980229290118 49.98478083790519 6.217054679637899
51.793179583353684 50.53068969629332 0.3359491239314254
53.38929618523364 50.74249162193649 0.13192751846793271
53.99991773541393 50.42146497546475 5.799160334123763
54.67911488773749 48.768380398707805 5.102227829093682
55.16446537345811 48.018642145876356 5.286906008633422
55.15890667391241 48.07637455148002 4.808376960497135
54.54959008904805 47.45665881554079 3.9354518661732563
54.33198250952344 46.83031429932265 4.378010220580376
54.682141648539165 45.43012305149408 4.957442473609152
54.668289472494045 45.17491338482172 4.6581645573798625
54.76792048323901 44.821410851332416 4.98710272299338
55.14589862088632 44.2793780787638 5.321323759160833
57.04374697937223 44.003551594411746 6.138859409716973
58.392361363702584 43.68498402709354 6.051219000489375
60.13651838787589 42.92801461315209 5.873713802144227
61.72940244892111 42.51679444226757 6.030540792476312
62.16306766845691 42.30585732395517 5.8304723802880325
62.77324818411936 42.56836403595388 0.40627659197707544
62.99457730794163 42.95234971891203 1.047910983903884
62.9967152448977 42.88516206860078 1.6026059793749627
62.66334689853905 43.23551329520323 2.3313606408423855
62.47332171852189 43.38079159295418 2.4888625048301236
61.76053282175049 44.41295136108355 2.175172128521993
61.38662603459559 44.49684380402011 2.9208805397377815
60.60671693790302 44.33189301286483 3.350021078639271
59.10581494714408 44.62361735059641 2.9496202103406475
58.827325064256996 44.98754059303756 2.223982086645517
58.02629661394477 46.040644063491825 2.2210698201559484
58.02671105511518 46.042777537233306 1.378929400434198
58.02761868167127 46.02178153679141 1.6139979750764126
57.18752602568885 47.054440682943095 2.2537291820320804
56.95908674743108 47.876678200733146 1.8417883031151625
58.151453508602295 49.887053030507246 1.0354608544396697
58.933601326071525 50.21236618682703 0.3941571753398341
59.674462108658524 50.73937493751173 0.6183005659065209
60.95815705509852 50.67228753729748 6.230971638148429
62.58409323542861 49.86220789740734 5.820959895352493
62.65933922509917 49.81038498772501 5.680074579859527
62.89800052767155 48.33241556383602 4.872486174893332
63.06379606919534 47.96152862084195 5.132765705375065
63.719406561932864 47.68746188023858 5.887230643990536
65.07967053197672 47.7055708904462 0.013312078306782382
66.28528651420172 48.98318714556666 0.8143846212297793
66.43788039831452 49.03890136179007 0.35007575491490783
66.96576684024232 50.35832216568534 1.1902127758491108
67.07918014328135 50.535476577189385 1.001345072810575
67.60560640576992 51.36919538490963 1.0075940977648834
68.30766547658571 51.46730666769827 0.13884868184990218
69.08958713678106 52.64407775600428 0.9843204116899467
69.04585291850289 53.57709096013507 1.6176362101782609
68.88806421729001 53.89877736469641 2.0268189018150142
68.60759279946339 54.361728358848666 2.115494439304677
67.39197284670892 55.39649923496197 2.4363855625703144
67.34296911636656 56.10434812750325 1.6399151303109782
66.66151181211912 57.570079482754096 2.0059935399874784
66.20802258613993 59.07228083760209 1.863979854039437
66.10035354278291 60.94111894741954 1.6283455350950824
66.10939336165974 60.84256137945589 1.6622616120777407
66.34514662147434 61.63996595940762 1.2833344334178785
67.77456396559299 63.01747267092009 0.7669064925734528
67.79681132623304 63.018256118294595 0.035200749089053573
69.26104993021809 63.81563995272383 0.4986665487727694
69.74555047340019 63.64820126216529 5.950444335086186
70.26552630089911 63.7117048948848 0.12152623389163786
70.99843229005597 65.00206302396916 1.05424885699804
71.5690995934624 66.24520570358787 1.1404401911038369
71.50612411209282 66.19377849070416 0.6847949198206926
72.42296824191631 66.07989209599212 6.159602664554913
73.94367378555512 65.14750580743994 5.733169157029238
74.1865651678511 64.8986786853667 5.485716311725284
74.38331102217839 64.78891526374754 5.774301303613962
75.80292497930287 64.77063845553027 6.270311526658589
76.21280209531695 65.31910759483604 0.9290182892449916
77.53586287289008 65.45051808074435 0.09899840066440735
78.3960690099044 64.90636643408055 5.719151732199097
79.128469030059 64.94188108689127 0.04845283338535822
79.19333299642221 64.84654512210346 5.309820295857867
79.48442811302417 64.58656738311264 5.554194146452617
79.47404950497953 62.96386972296248 4.70599317001164
79.02933765555453 62.0687932806615 4.251270710770875
79.06772043051123 61.928739992267815 4.9798795483305405
78.40381789176809 60.425603133492686 4.296477112826004
78.14103241488793 58.324973748471876 4.5879370531329196
78.93944745376204 57.02904232241884 5.264558031753248
80.20642246581201 55.94255838394038 5.574329144269946
80.63636553320288 55.65447746510502 5.692847958332977
81.30420656716493 54.8140783073445 5.383872217167768
81.86649817578633 53.131159694779406 5.034844610381096
81.77976978727031 52.35060594019179 4.601731514254801
81.68245101551756 51.82352946650358 4.529806476122197
80.75213629489832 50.52267875028496 4.091561668065587
80.97920905688557 49.26019742114816 4.89034851111533
81.68662952714354 48.915382125783054 5.829647214517956
83.20996611328839 47.495053387556965 5.5327659279117505
83.48571880338108 45.58696659617644 4.855913194139413
84.19965867522723 44.94379733314217 5.549888010094966
84.16493230552238 44.210557559971114 4.665064159415342
83.97917995342071 42.99056159525953 4.561292891431318
