100
50.0 50.0 0.0
51.092081482698916 48.9331798690698 5.509487630190316
51.98346576254859 48.48742077656277 5.819477611347871
52.1293036069983 48.20848913190008 5.194144633646413
52.31967612934153 46.41364630801499 4.818060294971826
52.12882332659962 45.86972120428057 4.374929818705251
51.21677581935896 44.53418817378702 4.11322582586312
51.10467495486832 44.227819608868884 4.361618415667907
51.588728270353464 42.90725703057729 5.063731666084518
51.99052891012179 42.78818480465103 5.995083679902439
51.913801856424854 42.84402117299109 5.654091797892198
52.04488620247844 42.26253189560602 4.934111385841078
51.865021508858824 41.02616615920387 4.567923895665132
51.862060493070224 41.06858162433875 4.7820857222143625
52.002635279410114 39.10840358534008 4.783981727783821
52.085645467918134 38.992369007228476 5.3333705074086115
52.887445754687434 38.856658956372115 6.115517684578692
53.02240394573197 38.719856899018986 5.491002347160165
53.44885231529519 37.99292662039367 5.2429290661043275
53.66421997728497 35.9444429074922 4.817139321804614
53.635253024591805 35.091665104806964 4.678434274324918
53.971515751804404 33.524924158410975 4.923807261917126
53.64568056465347 32.413872798630294 4.427120234756735
53.414519746046054 31.469208500766317 4.472403276292752
53.08724035216907 30.15202032860728 4.468852516111699
52.42347558645576 28.39918457345759 4.350395458550873
52.32072312567731 28.233901139150372 4.156184766118255
50.921987518641316 27.238280445549783 3.760194584450854
50.90413680940676 26.926922015621393 4.655119968129696
50.41838179090202 25.002661797151887 4.465117724001317
49.705782756723174 23.34563327485986 4.30625182265255
49.606962921354025 22.98778020351304 4.442957288441014
48.924760022642275 22.195190036692058 4.001700832601195
47.21858109282013 21.82600672557209 3.354687642786125
46.57491409783015 22.233452876903655 2.577255719039865
44.66539911767942 22.39913497206548 3.0550428286342948
43.973839194415234 23.149717317280984 2.315290411652395
43.64107925071424 24.19272939260073 1.8796259139748965
43.18647709655111 25.50679942328321 1.9038583286139446
43.708026155310726 27.035422715768615 1.2419926430415877
43.75401940093778 27.734235856173175 1.505074885349375
44.050388610764514 28.11918949791177 0.9146911531702084
44.02189789226589 29.32485461660688 1.5944226361762714
43.749121597507255 30.861278390036027 1.7465052087306903
43.47991951685571 31.387176865430817 2.043910492575716
43.880243926640354 33.04738337251393 1.3341838382094604
44.01661596383058 33.76553148795805 1.3831366635197169
43.278626466675085 35.27348164866091 2.0259273316996804
42.977428912579086 36.092416170636746 1.9232327159738283
42.930829504148534 36.12279071705781 2.563937251676996
41.50554749365244 36.157993294390494 3.1168989988977076
40.2250500992596 35.42931884204535 3.658948225076743
40.27039336662132 35.46626359664146 3.8252806069842955
39.04673528618015 34.10922580843493 3.9786284927852074
39.09197512308541 34.13576222896802 3.6720800927539763
37.80454447381359 34.39215591103385 2.945013139072616
36.609254383044444 35.804680533136306 2.2730850039330406
36.57382847250822 36.61704061120797 1.6143773451715742
36.67955649303667 36.805947270424866 1.0605486545289136
36.792526822415596 37.10046400746631 1.2045259502786658
36.910665860840666 37.565245787049385 1.3218858034943868
37.078902991790855 38.6017571854977 1.4098886317867867
37.124131712432586 38.716171287802915 1.1943419850684576
38.32214752165615 39.79864146063272 0.7347743425293389
38.76391262147157 39.946857004944384 0.32370610800427446
39.43237879081836 39.902007384492954 6.216192381269976
40.53066917560012 40.94244338896409 0.7583539023041537
40.93758839550827 41.01510382567151 0.17670002121621042
41.99771329629802 42.138349830853365 0.8143000452655966
42.08651201884365 44.178297267445146 1.527293882664798
43.41793834550914 45.53454630400872 0.7946336553353337
43.280458228985914 47.51360542268006 1.640152318453159
43.184278946625845 47.88554551238321 1.8238414353091337
43.72984078109864 49.55911633266102 1.255672247311427
44.009078853669216 50.50677372021211 1.2842444788117868
43.931857013969605 50.37840103895255 1.029242171145186
44.32790574953999 50.576463999360065 0.46372556126191
45.26029177376365 51.22732046530293 0.609419214487664
45.3876102838226 51.582631970624725 1.2267205844106113
45.83347658900138 53.43335829845993 1.3343870887905094
45.965590777660864 54.95888315559802 1.4844094143624833
45.989326275224876 54.97803456438311 0.6789146205444885
46.834701524923716 55.14308178779172 0.19281009937158444
48.074527450939485 56.10710746654195 0.6609007425119383
48.14910778841081 56.16565549932676 0.6655479170845817
48.364934227468375 57.824185216912134 1.441392319173081
47.999504767368705 59.073527153977224 1.855356010191155
47.347354492515514 60.363013183791125 2.0390288491946107
47.78163467216388 61.675588810706564 1.2512724549599747
47.788947998806854 61.55805851239378 1.6329412346122067
47.71258249388623 61.89274419210874 1.795126741079386
48.43326289962717 63.495602979691704 1.1482568774508168
48.453747655725365 63.57151485679611 1.3072250907079979
47.51762391769411 64.99617810598414 2.1521355562088895
46.11045731021876 65.95783540331641 2.5420948996826462
45.82335559602244 65.9831312360625 3.053712024535902
44.578707760935124 66.92130185353359 2.495686991944657
42.75291232795049 66.91505404120629 3.1450146075653587
41.44168438506712 67.76283641717508 2.5676422897998847
41.01127902166006 68.51028559858095 2.093255859241342
