100
50.0 50.0 0.0
50.09243487085497 49.96535721160736 5.9246070770451915
50.662591943336174 49.49531304860185 5.593735410210783
50.67472243751354 49.41384853424078 4.860208099888501
50.33372482956774 48.93317815377641 4.095368216441997
50.23941956034896 48.755460554892615 4.224525604622418
50.29360941978776 48.216301752215834 4.812560736663275
50.305410422281966 47.29917271772919 4.725255600920015
50.24666483221224 47.11630092320849 4.401562342199341
50.29132836511093 46.983645392525204 5.037155741516758
50.08288769674511 46.427174026067675 4.35399032464732
49.683660541831905 46.08278845568291 3.8533738972795764
48.93728945013947 44.948188567217485 4.130530738339869
48.03349445900076 44.123280499334776 3.881388865583279
46.60457308333528 43.21721949185288 3.7067000395530663
45.18064859233707 43.21920026380349 3.1402015891861055
44.65214059695885 43.59326763641478 2.5256642954169184
44.43495663093778 44.385382135795005 1.8384023936416618
44.53973998734301 44.659394865948805 1.2055509925035235
44.57231802881524 45.4427427640482 1.529232062804534
45.01952408872924 47.17476070264578 1.318115556820274
46.37474550382351 48.09451743167367 0.5962709820166445
46.48990117093141 48.338821556616914 1.1303205004295072
47.408237644632365 48.79427796974081 0.46040886444114726
48.95870369586836 49.4779009838632 0.41527281300799446
50.888087328109876 49.35986090369066 6.2220812671500045
51.694088621927314 49.39153867342432 0.03928216298720599
52.819055825388844 48.50747040631709 5.617125134930236
54.35079071639123 48.242599118167256 6.111956204277263
55.2798386865459 47.970553973327085 5.99832730894955
56.84199426576039 47.801478128101586 6.175372583396815
57.37475300976772 47.44301281660659 5.6909159632744934
58.120865279546244 47.47324074981255 0.04049177612058674
60.1826369958823 46.72973044034288 5.937083460559777
60.733195303178796 46.26991866399043 5.587361940704021
61.902467012216185 46.5937714930562 0.2701964972732398
62.29565573276616 46.358291937455306 5.7435772114727355
62.216407761544204 46.33517249333355 0.283857517080218
63.41595477836754 46.143694370258174 6.124895356014128
64.82479218327722 45.82900822525176 6.063426828754761
66.33253836168743 45.147508331035546 5.858670183925486
66.81968145620971 44.010432674125376 5.117150704636492
66.62454802044519 43.11646910100656 4.497480857659085
67.3313621520909 42.207559329493144 5.373352835954346
68.88849084276997 41.36940678085881 5.789393985803751
69.5602473646249 40.1223879300093 5.206507403404272
69.63221304586337 39.76941548296941 4.913517022332268
69.91592353868955 39.225906826665465 5.193479807484171
69.29676680392586 37.76257900331233 4.312115573972335
69.32908721775377 37.46640666369465 4.821085912326754
69.60056958554918 36.97792402642553 5.219648792255781
70.57705072148053 35.33369348463841 5.248298802043843
70.8208400288456 33.57594121517353 4.850203582965179
71.27256153619838 32.43614929199503 5.089718296025601
71.32513528950581 30.542022084225756 4.74013804511668
71.73990001708849 29.524813561947585 5.099556760660114
71.78100981161874 28.97182301339134 4.786593345729083
71.27317913374814 27.696339250538973 4.333480601133008
70.99363400847639 27.56207857491293 3.5893423314618094
70.91532071883684 27.42820162734532 4.1830982041803235
70.92641137146869 26.88966539123157 4.732980139122897
71.23359303197282 25.403871229979426 4.916262365033791
71.8690847933465 23.611090341066554 5.053042757681046
72.74674588627562 23.233946027168564 5.87732762978964
72.83516482339392 22.982859083349183 5.050973168658423
72.71625262873827 22.760984795325907 4.220401327544433
71.90783578880108 22.349367233405005 3.6125453532967473
70.43561344147778 21.78298339044052 3.5088519745584783
69.13698981569239 22.255223496049947 2.7928125823546246
68.71965583515785 23.32005725978833 1.94432136509535
68.83690453427144 23.164756209191186 2.217475022622452
67.87436018148023 23.976828009205583 2.440783761448902
67.48923119101643 24.727880209556915 2.044620269942957
66.16218556020446 25.329561496971206 2.715915636127455
64.86868359526439 24.948130040434414 3.4283481649151413
64.72538661163001 24.81472437162322 3.8912589411168423
63.46102308770578 24.344935393857693 3.4973454642822244
62.15673734536987 22.978086293815867 3.9504085493750587
62.08530078080602 22.865787224144952 4.14582761269555
62.00641425163456 22.12318630276489 4.606555847281207
62.1003796372051 21.351218628584242 4.833515032977275
61.964368347498414 20.908371027931025 4.414404824740515
61.8910246555556 20.580833794476302 4.492098215247841
63.022935029269384 18.987024312563463 5.329922357395069
63.24934572779637 18.761131978419677 5.498933198791296
64.40191554278258 18.248022177465185 5.8643405674957485
65.64774386663876 18.28230729014367 0.027512989320880976
66.14258772603135 18.75362141750299 0.7610490589256677
67.80838622386868 19.2088881577924 0.26678728894203907
68.85780134924195 19.988303747231523 0.6388219121803783
69.00087865145655 20.242791197084426 1.0586214787270323
68.60994128101018 21.630535425789766 1.8453872993463816
68.27848499692466 22.069131983864715 2.217948331073884
67.78658134072327 23.341352328711253 1.939741141418585
68.58745467152652 25.30012780568569 1.1826717604368389
69.13890134243404 27.064563135617206 1.2678801534423743
68.74700069081727 28.022066613147913 1.959289207540033
68.72342625938376 29.750444026883475 1.584435112793706
68.97061467174463 30.23888663328519 1.1023008298000612
69.69325022400196 31.018830806316227 0.8235198388311922
